 -91.009161881295
 -95.97018456049074
 -95.9470063572452
 -95.91435494010165
 -95.88284179787635
 -95.8665091627252
 -95.86041418247521
 -95.87130999008662
 -95.89575939649711
 -95.93585516014949
 -95.98329209074973
 -96.02028231453886
 -96.03337909719389
 -96.00953695584423
 -95.95329172386622
 -95.87445381734084
 -95.77233866611923
 -95.64892613378376
 -95.50143247514508
 -95.32070759498876
 -95.1142858513603
 -94.9027169082052
 -94.71813741869875
 -94.69184833279105
 -94.70239887156947
 -94.74500748695131
 -94.80055804571613
 -94.85063653239447
 -94.8891365703646
 -94.9278599135432
 -94.98673377723567
 -95.07979126158577
 -95.19685815917427
 -95.31293788202288
 -95.40781069488963
 -95.4757551717548
 -95.51707702851004
 -95.54074502187746
 -95.56199190714887
 -95.59720065942031
 -95.59720065942031
 -95.66584834820162
 -95.78274269055453
 -95.95503487978586
 -96.18462687370523
 -96.44013907125697
 -96.69394607780312
 -86.79073982000115
 -86.79073982000116
 -86.79073982000116
 -86.79073982000116
 -86.79073982000116
 -86.79073982000116
 -86.79073982000116
 -86.79073982000116
 -86.79073982000116
 -86.79073982000116
 -86.79073982000116
 -86.79073982000116
 -86.79073982000116
 -86.79073982000116
 -86.79073982000116
 -86.79073982000116
 -86.79073982000116
 -86.79073982000116
 -86.79073982000116
 -86.79073982000116
 -86.79073982000116
 -86.79073982000116
 -86.79073982000116
 -86.79073982000116
 -86.79073982000116
 -86.79073982000116
 -86.79073982000116
 -86.79073982000116
 -86.79073982000116
 -86.79073982000116
 -86.79073982000116
 -86.79073982000116
 -86.79073982000116
 -86.79073982000116
 -86.79073982000116
 -86.79073982000116
 -86.79073982000116
 -86.79073982000116
 -86.79073982000116
 -86.79073982000116
 -86.79073982000116
 -86.79073982000116
 -86.79073982000116
 -86.79073982000116
 -86.79073982000116
 -86.79073982000116
 -86.79073982000116
 -86.79073982000116
 -86.79073982000116
 -86.79073982000116
 -86.79073982000116
 -86.79073982000116
 -86.79073982000116
 -86.79073982000116
 -86.79073982000116
 -86.79073982000116
 -86.79073982000116
 -86.79073982000116
 -86.79073982000116
 -86.79073982000116
 -86.53064885302766
 -86.36087081710194
 -86.28479515422053
 -86.28595498517059
 -86.33444176438023
 -86.41786426809033
 -86.53219479484378
 -86.663301960238
 -86.78946914534646
 -86.89161903022627
 -86.9635497860565
 -87.00213653962548
 -87.01144661815887
 -86.9978979291775
 -86.9665235264656
 -86.91755322150516
 -86.85595672846613
 -86.78490795304367
 -86.70480744777151
 -86.61945913381132
 -86.53195668084393
 -86.44082241957734
 -86.34340445912223
 -94.22446729879141
 -94.22446729879141
 -94.22446729879141
 -94.22446729879141
 -94.22446729879141
 -94.22446729879141
 -94.22446729879141
 -94.22446729879141
 -94.22446729879141
 -94.22446729879141
 -94.22446729879141
 -94.22446729879141
 -94.22446729879141
 -94.22446729879141
 -94.22446729879141
 -94.22446729879141
 -94.22446729879141
 -94.22446729879141
 -94.22446729879141
 -94.22446729879141
 -94.22446729879141
 -94.22446729879141
 -94.22446729879141
 -94.22446729879141
 -94.22446729879141
 -94.22446729879141
 -94.22446729879141
 -94.22446729879141
 -94.22446729879141
 -94.22446729879141
 -94.22446729879141
 -94.22446729879141
 -94.22446729879141
 -94.22446729879141
 -94.22446729879141
 -94.22446729879141
 -94.22446729879141
 -94.22446729879141
 -94.22446729879141
 -94.22446729879141
 -94.22446729879141
 -94.22446729879141
 -94.22446729879141
 -94.22446729879141
 -94.22446729879141
 -94.22446729879141
 -94.22446729879141
 -94.22446729879141
 -94.22446729879141
 -94.22446729879141
 -94.22446729879141
 -94.22446729879141
 -94.22446729879141
 -94.22446729879141
 -94.22446729879141
 -94.22446729879141
 -94.22446729879141
 -94.22446729879141
 -94.22446729879141
 -94.22446729879141
 -94.00776964353285
 -93.78502181433248
 -93.56910974422833
 -93.56910974422833
 -93.36498640006478
 -93.16202559943981
 -92.95292833289608
 -92.72540575491654
 -92.47052791444708
 -92.18467629994524
 -91.86991407116189
 -91.54166188250545
 -91.2044603961067
 -90.8556794474501
 -90.4959267410903
 -90.13187322111018
 -89.77195364118025
 -89.40755006263366
 -89.03927184811472
 -88.67059321483143
 -88.30285942632489
 -87.9456389848788
 -87.60585948258033
 -87.28306979615485
 -86.98975476771723
 -110.3005852709715
 -110.3005852709715
 -110.3005852709715
 -110.3005852709715
 -110.3005852709715
 -110.3005852709715
 -110.3005852709715
 -110.3005852709715
 -110.3005852709715
 -110.3005852709715
 -110.3005852709715
 -110.3005852709715
 -110.3005852709715
 -110.3005852709715
 -110.3005852709715
 -110.3005852709715
 -110.3005852709715
 -110.3005852709715
 -110.3005852709715
 -110.3005852709715
 -110.3005852709715
 -110.3005852709715
 -110.3005852709715
 -110.3005852709715
 -110.3005852709715
 -110.3005852709715
 -110.3005852709715
 -110.3005852709715
 -110.3005852709715
 -110.3005852709715
 -110.3005852709715
 -110.3005852709715
 -110.3005852709715
 -110.3005852709715
 -110.3005852709715
 -110.3005852709715
 -110.3005852709715
 -110.3005852709715
 -110.3005852709715
 -110.3005852709715
 -110.3005852709715
 -110.3005852709715
 -110.3005852709715
 -110.3005852709715
 -110.3005852709715
 -110.3005852709715
 -110.3005852709715
 -110.3005852709715
 -110.3005852709715
 -110.3005852709715
 -110.3005852709715
 -110.3005852709715
 -110.3005852709715
 -110.3005852709715
 -110.3005852709715
 -110.3005852709715
 -110.3005852709715
 -110.3005852709715
 -110.3005852709715
 -110.3005852709715
 -110.03898227449417
 -109.81718966748173
 -109.63403828094647
 -109.48381559681216
 -109.34920931000197
 -109.21558750849213
 -109.07242158608527
 -108.91045921611547
 -108.73359889110648
 -108.73359889110648
 -108.55527666088176
 -108.38971625540954
 -108.2475503851021
 -108.12915120532291
 -108.0370014630967
 -107.97277924678183
 -107.92623586819316
 -107.88379200931911
 -107.83687344251196
 -107.7806637061386
 -107.72869079730238
 -107.69113159879359
 -107.67916462831562
 -107.72296537347891
 -107.84579451743816
 -108.04871705261695
 -77.39552385906255
 -77.39552385906255
 -77.39552385906255
 -77.39552385906255
 -77.39552385906255
 -77.39552385906255
 -77.39552385906255
 -77.39552385906255
 -77.39552385906255
 -77.39552385906255
 -77.39552385906255
 -77.39552385906255
 -77.39552385906255
 -77.39552385906255
 -77.39552385906255
 -77.39552385906255
 -77.39552385906255
 -77.39552385906255
 -77.39552385906255
 -77.39552385906255
 -77.39552385906255
 -77.39552385906255
 -77.39552385906255
 -77.39552385906255
 -77.39552385906255
 -77.39552385906255
 -77.39552385906255
 -77.39552385906255
 -77.39552385906255
 -77.39552385906255
 -77.39552385906255
 -77.39552385906255
 -77.39552385906255
 -77.39552385906255
 -77.39552385906255
 -77.39552385906255
 -77.39552385906255
 -77.39552385906255
 -77.39552385906255
 -77.39552385906255
 -77.39552385906255
 -77.39552385906255
 -77.39552385906255
 -77.39552385906255
 -77.39552385906255
 -77.39552385906255
 -77.39552385906255
 -77.39552385906255
 -77.39552385906255
 -77.39552385906255
 -77.39552385906255
 -77.39552385906255
 -77.39552385906255
 -77.39552385906255
 -77.39552385906255
 -77.39552385906255
 -77.39552385906255
 -77.39552385906255
 -77.39552385906255
 -77.39552385906255
 -77.46049717191582
 -77.5411901941625
 -77.6936456167623
 -77.94014182625722
 -78.26567003556826
 -78.6177340213326
 -78.96884548296792
 -79.30628237616953
 -79.62255882237271
 -79.90983933004405
 -80.16296716632532
 -80.3757061646745
 -80.54672533574686
 -80.67034270932388
 -80.75448335124945
 -80.81894720699425
 -80.88108499567028
 -80.93866336231143
 -80.97514227624494
 -80.97514227624494
 -80.9873582568633
 -80.9793461325415
 -80.93762414452792
 -80.85357765405885
 -96.61271834585045
 -96.61271834585047
 -96.61271834585047
 -96.61271834585047
 -96.61271834585047
 -96.61271834585047
 -96.61271834585047
 -96.61271834585047
 -96.61271834585047
 -96.61271834585047
 -96.61271834585047
 -96.61271834585047
 -96.61271834585047
 -96.61271834585047
 -96.61271834585047
 -96.61271834585047
 -96.61271834585047
 -96.61271834585047
 -96.61271834585047
 -96.61271834585047
 -96.61271834585047
 -96.61271834585047
 -96.61271834585047
 -96.61271834585047
 -96.61271834585047
 -96.61271834585047
 -96.61271834585047
 -96.61271834585047
 -96.61271834585047
 -96.61271834585047
 -96.61271834585047
 -96.61271834585047
 -96.61271834585047
 -96.61271834585047
 -96.61271834585047
 -96.61271834585047
 -96.61271834585047
 -96.61271834585047
 -96.61271834585047
 -96.61271834585047
 -96.61271834585047
 -96.61271834585047
 -96.61271834585047
 -96.61271834585047
 -96.61271834585047
 -96.61271834585047
 -96.61271834585047
 -96.61271834585047
 -96.61271834585047
 -96.61271834585047
 -96.61271834585047
 -96.61271834585047
 -96.61271834585047
 -96.61271834585047
 -96.61271834585047
 -96.61271834585047
 -96.61271834585047
 -96.61271834585047
 -96.61271834585047
 -96.61271834585047
 -96.92708479658216
 -97.1564203159166
 -97.2964974529534
 -97.34589605432951
 -97.32139860686901
 -97.2728301713777
 -97.22955987085756
 -97.21406144019663
 -97.19334306536844
 -97.11073236645363
 -96.95325458422043
 -96.729199238394
 -96.45347992714977
 -96.16106928405902
 -95.88347734530417
 -95.63494355388363
 -95.40862246794947
 -95.18478965826901
 -94.97037638166553
 -94.772287195995
 -94.58812510530784
 -94.41166278584882
 -94.23441871251906
 -120.89391202065406
 -120.89391202065406
 -120.89391202065406
 -120.89391202065406
 -120.89391202065406
 -120.89391202065406
 -120.89391202065406
 -120.89391202065406
 -120.89391202065406
 -120.89391202065406
 -120.89391202065406
 -120.89391202065406
 -120.89391202065406
 -120.89391202065406
 -120.89391202065406
 -120.89391202065406
 -120.89391202065406
 -120.89391202065406
 -120.89391202065406
 -120.89391202065406
 -120.89391202065406
 -120.89391202065406
 -120.89391202065406
 -120.89391202065406
 -120.89391202065406
 -120.89391202065406
 -120.89391202065406
 -120.89391202065406
 -120.89391202065406
 -120.89391202065406
 -120.89391202065406
 -120.89391202065406
 -120.89391202065406
 -120.89391202065406
 -120.89391202065406
 -120.89391202065406
 -120.89391202065406
 -120.89391202065406
 -120.89391202065406
 -120.89391202065406
 -120.89391202065406
 -120.89391202065406
 -120.89391202065406
 -120.89391202065406
 -120.89391202065406
 -120.89391202065406
 -120.89391202065406
 -120.89391202065406
 -120.89391202065406
 -120.89391202065406
 -120.89391202065406
 -120.89391202065406
 -120.89391202065406
 -120.89391202065406
 -120.89391202065406
 -120.89391202065406
 -120.89391202065406
 -120.89391202065406
 -120.89391202065406
 -120.89391202065406
 -121.00493763845418
 -121.12941637221398
 -121.27528608581176
 -121.42584589179472
 -121.55887268645522
 -121.67102242491143
 -121.78979093268494
 -121.94432298184036
 -122.11546733071332
 -122.2868931085247
 -122.2868931085247
 -122.44675097648395
 -122.61026282567111
 -122.82909946687012
 -123.1059521119313
 -123.42408106132949
 -123.81566295033645
 -124.26297949885877
 -124.7514030976524
 -125.25827428283166
 -125.75913399089258
 -126.25088825751077
 -126.73359163589285
 -127.21002888648312
 -127.69684865883323
 -65.44944176458318
 -65.44944176458321
 -65.44944176458321
 -65.44944176458321
 -65.44944176458321
 -65.44944176458321
 -65.44944176458321
 -65.44944176458321
 -65.44944176458321
 -65.44944176458321
 -65.44944176458321
 -65.44944176458321
 -65.44944176458321
 -65.44944176458321
 -65.44944176458321
 -65.44944176458321
 -65.44944176458321
 -65.44944176458321
 -65.44944176458321
 -65.44944176458321
 -65.44944176458321
 -65.44944176458321
 -65.44944176458321
 -65.44944176458321
 -65.44944176458321
 -65.44944176458321
 -65.44944176458321
 -65.44944176458321
 -65.44944176458321
 -65.44944176458321
 -65.44944176458321
 -65.44944176458321
 -65.44944176458321
 -65.44944176458321
 -65.44944176458321
 -65.44944176458321
 -65.44944176458321
 -65.44944176458321
 -65.44944176458321
 -65.44944176458321
 -65.44944176458321
 -65.44944176458321
 -65.44944176458321
 -65.44944176458321
 -65.44944176458321
 -65.44944176458321
 -65.44944176458321
 -65.44944176458321
 -65.44944176458321
 -65.44944176458321
 -65.44944176458321
 -65.44944176458321
 -65.44944176458321
 -65.44944176458321
 -65.44944176458321
 -65.44944176458321
 -65.44944176458321
 -65.44944176458321
 -65.44944176458321
 -65.44944176458321
 -63.97798601487613
 -62.61060926205559
 -61.40537632843288
 -60.35385904012758
 -59.39142076121392
 -58.46689704241654
 -57.58590140715617
 -56.775523637744236
 -56.05067698130172
 -55.39876719114387
 -54.79950983307506
 -54.2302128049261
 -53.66690409334337
 -53.121842442063056
 -52.622765180927715
 -52.15968402720035
 -52.15968402720035
 -51.70272738933042
 -51.23281277142629
 -50.73532324878202
 -50.20317464726008
 -49.651450725249404
 -49.11921945299186
 -48.643981063960695
 -106.02436306947598
 -106.02436306947598
 -106.02436306947598
 -106.02436306947598
 -106.02436306947598
 -106.02436306947598
 -106.02436306947598
 -106.02436306947598
 -106.02436306947598
 -106.02436306947598
 -106.02436306947598
 -106.02436306947598
 -106.02436306947598
 -106.02436306947598
 -106.02436306947598
 -106.02436306947598
 -106.02436306947598
 -106.02436306947598
 -106.02436306947598
 -106.02436306947598
 -106.02436306947598
 -106.02436306947598
 -106.02436306947598
 -106.02436306947598
 -106.02436306947598
 -106.02436306947598
 -106.02436306947598
 -106.02436306947598
 -106.02436306947598
 -106.02436306947598
 -106.02436306947598
 -106.02436306947598
 -106.02436306947598
 -106.02436306947598
 -106.02436306947598
 -106.02436306947598
 -106.02436306947598
 -106.02436306947598
 -106.02436306947598
 -106.02436306947598
 -106.02436306947598
 -106.02436306947598
 -106.02436306947598
 -106.02436306947598
 -106.02436306947598
 -106.02436306947598
 -106.02436306947598
 -106.02436306947598
 -106.02436306947598
 -106.02436306947598
 -106.02436306947598
 -106.02436306947598
 -106.02436306947598
 -106.02436306947598
 -106.02436306947598
 -106.02436306947598
 -106.02436306947598
 -106.02436306947598
 -106.02436306947598
 -106.02436306947598
 -106.66456290758191
 -107.29913271763124
 -107.97149970413435
 -108.70972371834132
 -109.49599667812
 -110.27930813546334
 -111.02013608848351
 -111.7093693680826
 -112.33918750580943
 -112.90942781143525
 -113.42330604143577
 -113.89498842167261
 -114.34447971301897
 -114.7722687619139
 -115.16478313764637
 -115.50945434833534
 -115.82633754354045
 -116.13998453856193
 -116.45488081498132
 -116.73571208010185
 -116.73571208010185
 -116.97304930771826
 -117.1884011587802
 -117.42254861517338
 -92.87783069002677
 -92.87783069002677
 -92.87783069002677
 -92.87783069002677
 -92.87783069002677
 -92.87783069002677
 -92.87783069002677
 -92.87783069002677
 -92.87783069002677
 -92.87783069002677
 -92.87783069002677
 -92.87783069002677
 -92.87783069002677
 -92.87783069002677
 -92.87783069002677
 -92.87783069002677
 -92.87783069002677
 -92.87783069002677
 -92.87783069002677
 -92.87783069002677
 -92.87783069002677
 -92.87783069002677
 -92.87783069002677
 -92.87783069002677
 -92.87783069002677
 -92.87783069002677
 -92.87783069002677
 -92.87783069002677
 -92.87783069002677
 -92.87783069002677
 -92.87783069002677
 -92.87783069002677
 -92.87783069002677
 -92.87783069002677
 -92.87783069002677
 -92.87783069002677
 -92.87783069002677
 -92.87783069002677
 -92.87783069002677
 -92.87783069002677
 -92.87783069002677
 -92.87783069002677
 -92.87783069002677
 -92.87783069002677
 -92.87783069002677
 -92.87783069002677
 -92.87783069002677
 -92.87783069002677
 -92.87783069002677
 -92.87783069002677
 -92.87783069002677
 -92.87783069002677
 -92.87783069002677
 -92.87783069002677
 -92.87783069002677
 -92.87783069002677
 -92.87783069002677
 -92.87783069002677
 -92.87783069002677
 -92.87783069002677
 -92.82768642401868
 -92.72765412795418
 -92.5839072255802
 -92.40196669855952
 -92.17985012658797
 -91.92068970663597
 -91.63911606921724
 -91.34251801161658
 -91.0241104085962
 -90.65147216803476
 -90.24601364819489
 -89.83601296181007
 -89.45425276738872
 -89.15395405318222
 -88.95887480338538
 -88.87409102089735
 -88.89378845012811
 -89.03514859795965
 -89.30934666889496
 -89.70854278531239
 -90.20356791315788
 -90.77604346873959
 -91.42205341755641
 -110.75821597315205
 -110.75821597315205
 -110.75821597315205
 -110.75821597315205
 -110.75821597315205
 -110.75821597315205
 -110.75821597315205
 -110.75821597315205
 -110.75821597315205
 -110.75821597315205
 -110.75821597315205
 -110.75821597315205
 -110.75821597315205
 -110.75821597315205
 -110.75821597315205
 -110.75821597315205
 -110.75821597315205
 -110.75821597315205
 -110.75821597315205
 -110.75821597315205
 -110.75821597315205
 -110.75821597315205
 -110.75821597315205
 -110.75821597315205
 -110.75821597315205
 -110.75821597315205
 -110.75821597315205
 -110.75821597315205
 -110.75821597315205
 -110.75821597315205
 -110.75821597315205
 -110.75821597315205
 -110.75821597315205
 -110.75821597315205
 -110.75821597315205
 -110.75821597315205
 -110.75821597315205
 -110.75821597315205
 -110.75821597315205
 -110.75821597315205
 -110.75821597315205
 -110.75821597315205
 -110.75821597315205
 -110.75821597315205
 -110.75821597315205
 -110.75821597315205
 -110.75821597315205
 -110.75821597315205
 -110.75821597315205
 -110.75821597315205
 -110.75821597315205
 -110.75821597315205
 -110.75821597315205
 -110.75821597315205
 -110.75821597315205
 -110.75821597315205
 -110.75821597315205
 -110.75821597315205
 -110.75821597315205
 -110.75821597315205
 -111.14917792743063
 -111.55621474899027
 -111.96022642634377
 -112.32442259821362
 -112.62399612294466
 -112.85394924574537
 -113.00324798108471
 -113.0619228700351
 -113.04767211924852
 -113.04767211924852
 -112.99999914896671
 -112.95043824929184
 -112.91105830577226
 -112.86337546585452
 -112.79571512049299
 -112.69903844923063
 -112.57160883306209
 -112.37727512632986
 -112.0749662283426
 -111.68165100296184
 -111.26528677603667
 -110.90311465339221
 -110.62431290769116
 -110.40338900636662
 -110.18604033299113
 -118.62300965654705
 -118.62300965654711
 -118.62300965654711
 -118.62300965654711
 -118.62300965654711
 -118.62300965654711
 -118.62300965654711
 -118.62300965654711
 -118.62300965654711
 -118.62300965654711
 -118.62300965654711
 -118.62300965654711
 -118.62300965654711
 -118.62300965654711
 -118.62300965654711
 -118.62300965654711
 -118.62300965654711
 -118.62300965654711
 -118.62300965654711
 -118.62300965654711
 -118.62300965654711
 -118.62300965654711
 -118.62300965654711
 -118.62300965654711
 -118.62300965654711
 -118.62300965654711
 -118.62300965654711
 -118.62300965654711
 -118.62300965654711
 -118.62300965654711
 -118.62300965654711
 -118.62300965654711
 -118.62300965654711
 -118.62300965654711
 -118.62300965654711
 -118.62300965654711
 -118.62300965654711
 -118.62300965654711
 -118.62300965654711
 -118.62300965654711
 -118.62300965654711
 -118.62300965654711
 -118.62300965654711
 -118.62300965654711
 -118.62300965654711
 -118.62300965654711
 -118.62300965654711
 -118.62300965654711
 -118.62300965654711
 -118.62300965654711
 -118.62300965654711
 -118.62300965654711
 -118.62300965654711
 -118.62300965654711
 -118.62300965654711
 -118.62300965654711
 -118.62300965654711
 -118.62300965654711
 -118.62300965654711
 -118.62300965654711
 -129.40976972354764
 -140.1489841612602
 -150.28275623150188
 -159.48149962558455
 -167.5047121375581
 -174.25305008791165
 -179.65531649692423
 -183.88827208932415
 172.78303631427883
 170.11983766271103
 167.97396254647438
 166.17573766802644
 164.61480158160552
 163.22591751240643
 161.93442341507128
 160.6784841774689
 159.44736287391552
 159.44736287391552
 158.28784276325888
 157.26421332222708
 156.3785114971174
 155.5891666164916
 154.84851500238958
 29.208505775779116
 29.208505775779138
 29.208505775779138
 29.208505775779138
 29.208505775779138
 29.208505775779138
 29.208505775779138
 29.208505775779138
 29.208505775779138
 29.208505775779138
 29.208505775779138
 29.208505775779138
 29.208505775779138
 29.208505775779138
 29.208505775779138
 29.208505775779138
 29.208505775779138
 29.208505775779138
 29.208505775779138
 29.208505775779138
 29.208505775779138
 29.208505775779138
 29.208505775779138
 29.208505775779138
 29.208505775779138
 29.208505775779138
 29.208505775779138
 29.208505775779138
 29.208505775779138
 29.208505775779138
 29.208505775779138
 29.208505775779138
 29.208505775779138
 29.208505775779138
 29.208505775779138
 29.208505775779138
 29.208505775779138
 29.208505775779138
 29.208505775779138
 29.208505775779138
 29.208505775779138
 29.208505775779138
 29.208505775779138
 29.208505775779138
 29.208505775779138
 29.208505775779138
 29.208505775779138
 29.208505775779138
 29.208505775779138
 29.208505775779138
 29.208505775779138
 29.208505775779138
 29.208505775779138
 29.208505775779138
 29.208505775779138
 29.208505775779138
 29.208505775779138
 29.208505775779138
 29.208505775779138
 29.208505775779138
 28.820945993162795
 28.460441618390966
 28.139613634368786
 27.881402846937398
 27.717602087360774
 27.667742840257894
 27.86291057644629
 28.37245100879705
 29.360783686131995
 30.91321287032936
 33.193400388560576
 36.454477193720415
 41.0747707987848
 47.32775382416752
 55.68713778788961
 66.21029966146362
 78.48481190800007
 91.08565485235277
 102.49051340358375
 111.97157641550768
 119.53628983475097
 125.47923173250805
 130.21436868180444
 134.02095432989788
 80.77842399273376
 80.77842399273376
 80.77842399273376
 80.77842399273376
 80.77842399273376
 80.77842399273376
 80.77842399273376
 80.77842399273376
 80.77842399273376
 80.77842399273376
 80.77842399273376
 80.77842399273376
 80.77842399273376
 80.77842399273376
 80.77842399273376
 80.77842399273376
 80.77842399273376
 80.77842399273376
 80.77842399273376
 80.77842399273376
 80.77842399273376
 80.77842399273376
 80.77842399273376
 80.77842399273376
 80.77842399273376
 80.77842399273376
 80.77842399273376
 80.77842399273376
 80.77842399273376
 80.77842399273376
 80.77842399273376
 80.77842399273376
 80.77842399273376
 80.77842399273376
 80.77842399273376
 80.77842399273376
 80.77842399273376
 80.77842399273376
 80.77842399273376
 80.77842399273376
 80.77842399273376
 80.77842399273376
 80.77842399273376
 80.77842399273376
 80.77842399273376
 80.77842399273376
 80.77842399273376
 80.77842399273376
 80.77842399273376
 80.77842399273376
 80.77842399273376
 80.77842399273376
 80.77842399273376
 80.77842399273376
 80.77842399273376
 80.77842399273376
 80.77842399273376
 80.77842399273376
 80.77842399273376
 80.77842399273376
 81.11111601465053
 81.11111601465053
 81.46347323589043
 81.83325209879195
 82.18849295024556
 82.50161478452772
 82.77562606853259
 83.02605526086019
 83.27295786710543
 83.54319075085158
 83.80940714164754
 84.04673365518222
 84.2068607971471
 84.34737878460012
 84.51736876869175
 84.73138417432669
 85.0348032696771
 85.27403125416909
 85.36630269316028
 85.40294136713324
 85.49000747307579
 85.64171427926301
 85.81241191416774
 85.96584919769226
 86.09465003554845
 -53.127491050864926
 -53.12749105086493
 -53.12749105086493
 -53.12749105086493
 -53.12749105086493
 -53.12749105086493
 -53.12749105086493
 -53.12749105086493
 -53.12749105086493
 -53.12749105086493
 -53.12749105086493
 -53.12749105086493
 -53.12749105086493
 -53.12749105086493
 -53.12749105086493
 -53.12749105086493
 -53.12749105086493
 -53.12749105086493
 -53.12749105086493
 -53.12749105086493
 -53.12749105086493
 -53.12749105086493
 -53.12749105086493
 -53.12749105086493
 -53.12749105086493
 -53.12749105086493
 -53.12749105086493
 -53.12749105086493
 -53.12749105086493
 -53.12749105086493
 -53.12749105086493
 -53.12749105086493
 -53.12749105086493
 -53.12749105086493
 -53.12749105086493
 -53.12749105086493
 -53.12749105086493
 -53.12749105086493
 -53.12749105086493
 -53.12749105086493
 -53.12749105086493
 -53.12749105086493
 -53.12749105086493
 -53.12749105086493
 -53.12749105086493
 -53.12749105086493
 -53.12749105086493
 -53.12749105086493
 -53.12749105086493
 -53.12749105086493
 -53.12749105086493
 -53.12749105086493
 -53.12749105086493
 -53.12749105086493
 -53.12749105086493
 -53.12749105086493
 -53.12749105086493
 -53.12749105086493
 -53.12749105086493
 -53.12749105086493
 -48.45206130326587
 -44.20649528819555
 -40.31811606361961
 -36.69264405691651
 -33.24424684733498
 -29.898580444277663
 -26.598553604836734
 -23.32286713086102
 -20.09246714523728
 -16.961828980190376
 -13.98391633765602
 -11.170715194062026
 -11.170715194062026
 -8.507864039206336
 -5.971879771047006
 -3.5478535494972574
 -1.2227889509579306
 1.0233300642107865
 3.1991269392722863
 5.278513552115092
 7.237179284952486
 9.06296735089637
 115.6949350830204
 115.69493508302044
 115.69493508302044
 115.69493508302044
 115.69493508302044
 115.69493508302044
 115.69493508302044
 115.69493508302044
 115.69493508302044
 115.69493508302044
 115.69493508302044
 115.69493508302044
 115.69493508302044
 115.69493508302044
 115.69493508302044
 115.69493508302044
 115.69493508302044
 115.69493508302044
 115.69493508302044
 115.69493508302044
 115.69493508302044
 115.69493508302044
 115.69493508302044
 115.69493508302044
 115.69493508302044
 115.69493508302044
 115.69493508302044
 115.69493508302044
 115.69493508302044
 115.69493508302044
 115.69493508302044
 115.69493508302044
 115.69493508302044
 115.69493508302044
 115.69493508302044
 115.69493508302044
 115.69493508302044
 115.69493508302044
 115.69493508302044
 115.69493508302044
 115.69493508302044
 115.69493508302044
 115.69493508302044
 115.69493508302044
 115.69493508302044
 115.69493508302044
 115.69493508302044
 115.69493508302044
 115.69493508302044
 115.69493508302044
 115.69493508302044
 115.69493508302044
 115.69493508302044
 115.69493508302044
 115.69493508302044
 115.69493508302044
 115.69493508302044
 115.69493508302044
 115.69493508302044
 115.69493508302044
 115.07499615255341
 111.51288400043676
 97.91034848173453
 39.72430242485136
 -10.016489539140922
 -21.051628473441706
 -23.927564756983116
 -24.461633033821354
 -24.044355143385737
 -23.08001209346372
 -21.79353659874106
 -20.309409641057336
 -18.705830003171645
 -17.022125571025907
 -15.255480644717736
 -13.399763008757965
 -11.455836337336596
 -9.430843557669906
 -9.430843557669906
 -7.320766563092697
 -5.11587442032053
 -2.823472105812773
 -0.46643201690963654
 1.9394565999847453
 64.81938560008842
 64.81938560008842
 64.81938560008842
 64.81938560008842
 64.81938560008842
 64.81938560008842
 64.81938560008842
 64.81938560008842
 64.81938560008842
 64.81938560008842
 64.81938560008842
 64.81938560008842
 64.81938560008842
 64.81938560008842
 64.81938560008842
 64.81938560008842
 64.81938560008842
 64.81938560008842
 64.81938560008842
 64.81938560008842
 64.81938560008842
 64.81938560008842
 64.81938560008842
 64.81938560008842
 64.81938560008842
 64.81938560008842
 64.81938560008842
 64.81938560008842
 64.81938560008842
 64.81938560008842
 64.81938560008842
 64.81938560008842
 64.81938560008842
 64.81938560008842
 64.81938560008842
 64.81938560008842
 64.81938560008842
 64.81938560008842
 64.81938560008842
 64.81938560008842
 64.81938560008842
 64.81938560008842
 64.81938560008842
 64.81938560008842
 64.81938560008842
 64.81938560008842
 64.81938560008842
 64.81938560008842
 64.81938560008842
 64.81938560008842
 64.81938560008842
 64.81938560008842
 64.81938560008842
 64.81938560008842
 64.81938560008842
 64.81938560008842
 64.81938560008842
 64.81938560008842
 64.81938560008842
 64.81938560008842
 59.49173017929465
 50.94805864249394
 38.56074646344541
 23.35038588672167
 8.452499953703434
 -3.281811833883802
 -11.225086837424278
 -16.02879248723734
 -18.538563634227785
 -19.44307462594375
 -19.28630116261514
 -18.388978624404558
 -16.949494201519116
 -15.171746174551142
 -13.22440192471966
 -11.174848208453975
 -9.018179227135764
 -6.770380216592852
 -4.45370429991255
 -2.0674533127573027
 0.3850166211916646
 2.8825255323046157
 5.397400149664806
 7.931694187160717
 10.479964103823535
 13.05426743816535
 15.675886254253783
 30.28194802494584
 30.28194802494584
 30.28194802494584
 30.28194802494584
 30.28194802494584
 30.28194802494584
 30.28194802494584
 30.28194802494584
 30.28194802494584
 30.28194802494584
 30.28194802494584
 30.28194802494584
 30.28194802494584
 30.28194802494584
 30.28194802494584
 30.28194802494584
 30.28194802494584
 30.28194802494584
 30.28194802494584
 30.28194802494584
 30.28194802494584
 30.28194802494584
 30.28194802494584
 30.28194802494584
 30.28194802494584
 30.28194802494584
 30.28194802494584
 30.28194802494584
 30.28194802494584
 30.28194802494584
 30.28194802494584
 30.28194802494584
 30.28194802494584
 30.28194802494584
 30.28194802494584
 30.28194802494584
 30.28194802494584
 30.28194802494584
 30.28194802494584
 30.28194802494584
 30.28194802494584
 30.28194802494584
 30.28194802494584
 30.28194802494584
 30.28194802494584
 30.28194802494584
 30.28194802494584
 30.28194802494584
 30.28194802494584
 30.28194802494584
 30.28194802494584
 30.28194802494584
 30.28194802494584
 30.28194802494584
 30.28194802494584
 30.28194802494584
 30.28194802494584
 30.28194802494584
 30.28194802494584
 30.28194802494584
 21.537601788466198
 12.914330727143536
 5.36038838364934
 -0.5643364765440806
 -4.783997211976072
 -7.497585295669431
 -8.984256652978875
 -9.47727385505123
 -9.162052133159827
 -8.172402690950994
 -6.626965184895878
 -4.636922926172383
 -4.636922926172383
 -2.2954118540891533
 0.2964227770335599
 3.0202287580791296
 5.785993738135549
 8.583650563574002
 11.433203268312674
 14.329110634520987
 17.27493839670996
 20.35806390714957
 23.536863143097616
 26.77618053981531
 21.445734184166515
 21.44573418416653
 21.44573418416653
 21.44573418416653
 21.44573418416653
 21.44573418416653
 21.44573418416653
 21.44573418416653
 21.44573418416653
 21.44573418416653
 21.44573418416653
 21.44573418416653
 21.44573418416653
 21.44573418416653
 21.44573418416653
 21.44573418416653
 21.44573418416653
 21.44573418416653
 21.44573418416653
 21.44573418416653
 21.44573418416653
 21.44573418416653
 21.44573418416653
 21.44573418416653
 21.44573418416653
 21.44573418416653
 21.44573418416653
 21.44573418416653
 21.44573418416653
 21.44573418416653
 21.44573418416653
 21.44573418416653
 21.44573418416653
 21.44573418416653
 21.44573418416653
 21.44573418416653
 21.44573418416653
 21.44573418416653
 21.44573418416653
 21.44573418416653
 21.44573418416653
 21.44573418416653
 21.44573418416653
 21.44573418416653
 21.44573418416653
 21.44573418416653
 21.44573418416653
 21.44573418416653
 21.44573418416653
 21.44573418416653
 21.44573418416653
 21.44573418416653
 21.44573418416653
 21.44573418416653
 21.44573418416653
 21.44573418416653
 21.44573418416653
 21.44573418416653
 21.44573418416653
 21.44573418416653
 12.903835344378596
 6.096265307263218
 1.4253873860553163
 -1.2770088720316393
 -2.390858701672375
 -2.2668047125811026
 -1.1500808904586712
 0.8127580794021032
 3.5130840826791268
 6.828570418256724
 10.608477837013865
 14.734685736794358
 19.099605264022525
 23.573495098940363
 28.032594996534435
 32.34170129552951
 36.40221356255919
 36.40221356255919
 40.14902430761618
 43.50685050902545
 46.38957703367376
 48.72389627056597
 50.42176001498496
 51.36300875395443
 -1.7579859130206397
 -1.7579859130206397
 -1.7579859130206397
 -1.7579859130206397
 -1.7579859130206397
 -1.7579859130206397
 -1.7579859130206397
 -1.7579859130206397
 -1.7579859130206397
 -1.7579859130206397
 -1.7579859130206397
 -1.7579859130206397
 -1.7579859130206397
 -1.7579859130206397
 -1.7579859130206397
 -1.7579859130206397
 -1.7579859130206397
 -1.7579859130206397
 -1.7579859130206397
 -1.7579859130206397
 -1.7579859130206397
 -1.7579859130206397
 -1.7579859130206397
 -1.7579859130206397
 -1.7579859130206397
 -1.7579859130206397
 -1.7579859130206397
 -1.7579859130206397
 -1.7579859130206397
 -1.7579859130206397
 -1.7579859130206397
 -1.7579859130206397
 -1.7579859130206397
 -1.7579859130206397
 -1.7579859130206397
 -1.7579859130206397
 -1.7579859130206397
 -1.7579859130206397
 -1.7579859130206397
 -1.7579859130206397
 -1.7579859130206397
 -1.7579859130206397
 -1.7579859130206397
 -1.7579859130206397
 -1.7579859130206397
 -1.7579859130206397
 -1.7579859130206397
 -1.7579859130206397
 -1.7579859130206397
 -1.7579859130206397
 -1.7579859130206397
 -1.7579859130206397
 -1.7579859130206397
 -1.7579859130206397
 -1.7579859130206397
 -1.7579859130206397
 -1.7579859130206397
 -1.7579859130206397
 -1.7579859130206397
 -1.7579859130206397
 -0.9370540451157128
 0.7275797725714046
 2.941117786963723
 5.504868521706328
 8.34986311621832
 11.501860812893579
 14.926912670554891
 18.513282109420146
 22.181239398093123
 25.886728696405534
 29.640111549243173
 33.42110671850719
 37.11137418402763
 40.53694241929723
 43.577239386575826
 46.14873720022695
 48.150956079661384
 49.474825905991864
 49.99010029674001
 49.548992462655534
 47.977937081081556
 45.102115156451084
 40.780114478053896
 11.801525866872069
 11.801525866872069
 11.801525866872069
 11.801525866872069
 11.801525866872069
 11.801525866872069
 11.801525866872069
 11.801525866872069
 11.801525866872069
 11.801525866872069
 11.801525866872069
 11.801525866872069
 11.801525866872069
 11.801525866872069
 11.801525866872069
 11.801525866872069
 11.801525866872069
 11.801525866872069
 11.801525866872069
 11.801525866872069
 11.801525866872069
 11.801525866872069
 11.801525866872069
 11.801525866872069
 11.801525866872069
 11.801525866872069
 11.801525866872069
 11.801525866872069
 11.801525866872069
 11.801525866872069
 11.801525866872069
 11.801525866872069
 11.801525866872069
 11.801525866872069
 11.801525866872069
 11.801525866872069
 11.801525866872069
 11.801525866872069
 11.801525866872069
 11.801525866872069
 11.801525866872069
 11.801525866872069
 11.801525866872069
 11.801525866872069
 11.801525866872069
 11.801525866872069
 11.801525866872069
 11.801525866872069
 11.801525866872069
 11.801525866872069
 11.801525866872069
 11.801525866872069
 11.801525866872069
 11.801525866872069
 11.801525866872069
 11.801525866872069
 11.801525866872069
 11.801525866872069
 11.801525866872069
 11.801525866872069
 14.496338685192008
 14.496338685192008
 17.29959291749178
 20.171853980500472
 23.081386939184977
 26.030621933163406
 29.04919485024901
 32.06957131714588
 35.02460398731352
 37.844624185513325
 40.52135866105862
 43.112129400957095
 45.63204913805189
 48.04449986657453
 50.269442832851254
 52.22442391830945
 53.80528569897827
 54.843189480118916
 55.182761062583694
 54.70991826364942
 53.26713354372264
 50.69879021397086
 46.91044734353092
 41.92940427618373
 22.06306228966713
 22.063062289667133
 22.063062289667133
 22.063062289667133
 22.063062289667133
 22.063062289667133
 22.063062289667133
 22.063062289667133
 22.063062289667133
 22.063062289667133
 22.063062289667133
 22.063062289667133
 22.063062289667133
 22.063062289667133
 22.063062289667133
 22.063062289667133
 22.063062289667133
 22.063062289667133
 22.063062289667133
 22.063062289667133
 22.063062289667133
 22.063062289667133
 22.063062289667133
 22.063062289667133
 22.063062289667133
 22.063062289667133
 22.063062289667133
 22.063062289667133
 22.063062289667133
 22.063062289667133
 22.063062289667133
 22.063062289667133
 22.063062289667133
 22.063062289667133
 22.063062289667133
 22.063062289667133
 22.063062289667133
 22.063062289667133
 22.063062289667133
 22.063062289667133
 22.063062289667133
 22.063062289667133
 22.063062289667133
 22.063062289667133
 22.063062289667133
 22.063062289667133
 22.063062289667133
 22.063062289667133
 22.063062289667133
 22.063062289667133
 22.063062289667133
 22.063062289667133
 22.063062289667133
 22.063062289667133
 22.063062289667133
 22.063062289667133
 22.063062289667133
 22.063062289667133
 22.063062289667133
 22.063062289667133
 23.769681757193812
 25.592612439193594
 27.515116037620963
 29.4998843937664
 31.498620340193376
 33.45867055563685
 35.33563265676625
 37.08929801387649
 38.72599235346077
 40.29136410471785
 41.80081200102356
 43.239691695964204
 44.6068103801792
 45.897050652681564
 45.897050652681564
 47.120958587134815
 48.25653646043145
 49.272279669994624
 50.14531290768675
 50.834351157726374
 51.313486986122136
 51.567405555229875
 51.56844426917197
 51.27697016433813
 11.225078242697695
 11.225078242697705
 11.225078242697705
 11.225078242697705
 11.225078242697705
 11.225078242697705
 11.225078242697705
 11.225078242697705
 11.225078242697705
 11.225078242697705
 11.225078242697705
 11.225078242697705
 11.225078242697705
 11.225078242697705
 11.225078242697705
 11.225078242697705
 11.225078242697705
 11.225078242697705
 11.225078242697705
 11.225078242697705
 11.225078242697705
 11.225078242697705
 11.225078242697705
 11.225078242697705
 11.225078242697705
 11.225078242697705
 11.225078242697705
 11.225078242697705
 11.225078242697705
 11.225078242697705
 11.225078242697705
 11.225078242697705
 11.225078242697705
 11.225078242697705
 11.225078242697705
 11.225078242697705
 11.225078242697705
 11.225078242697705
 11.225078242697705
 11.225078242697705
 11.225078242697705
 11.225078242697705
 11.225078242697705
 11.225078242697705
 11.225078242697705
 11.225078242697705
 11.225078242697705
 11.225078242697705
 11.225078242697705
 11.225078242697705
 11.225078242697705
 11.225078242697705
 11.225078242697705
 11.225078242697705
 11.225078242697705
 11.225078242697705
 11.225078242697705
 11.225078242697705
 11.225078242697705
 11.225078242697705
 11.792713008965197
 12.539489682619276
 13.420647301543088
 14.384336171544696
 15.399185291509113
 16.47771016185427
 17.626338058385784
 18.827549583142442
 20.028322275167476
 21.200754240930916
 22.356909903578195
 23.52401967274168
 24.72180718988769
 25.969276295425665
 27.26042584199942
 28.592043551656154
 29.977278532969386
 31.405103076265895
 32.84756374807881
 34.26752965142861
 35.65387043561065
 30.469582558108527
 30.469582558108527
 30.469582558108527
 30.469582558108527
 30.469582558108527
 30.469582558108527
 30.469582558108527
 30.469582558108527
 30.469582558108527
 30.469582558108527
 30.469582558108527
 30.469582558108527
 30.469582558108527
 30.469582558108527
 30.469582558108527
 30.469582558108527
 30.469582558108527
 30.469582558108527
 30.469582558108527
 30.469582558108527
 30.469582558108527
 30.469582558108527
 30.469582558108527
 30.469582558108527
 30.469582558108527
 30.469582558108527
 30.469582558108527
 30.469582558108527
 30.469582558108527
 30.469582558108527
 30.469582558108527
 30.469582558108527
 30.469582558108527
 30.469582558108527
 30.469582558108527
 30.469582558108527
 30.469582558108527
 30.469582558108527
 30.469582558108527
 30.469582558108527
 30.469582558108527
 30.469582558108527
 30.469582558108527
 30.469582558108527
 30.469582558108527
 30.469582558108527
 30.469582558108527
 30.469582558108527
 30.469582558108527
 30.469582558108527
 30.469582558108527
 30.469582558108527
 30.469582558108527
 30.469582558108527
 30.469582558108527
 30.469582558108527
 30.469582558108527
 30.469582558108527
 30.469582558108527
 30.469582558108527
 25.225369637773028
 20.537354812599588
 16.686350168417057
 13.796920649303651
 13.796920649303651
 11.834721068031186
 10.662306743780618
 10.157422579654702
 10.222422420861394
 10.752149657668753
 11.644032739422428
 12.838280116356493
 14.321034570540263
 15.999169205171658
 17.836585766034474
 19.837136481295115
 22.03682843381924
 24.458725830534224
 27.05379891197864
 29.768007593454023
 32.53550992826181
 35.307810477576574
 38.03257345711362
 40.641808420483436
 43.06577354756949
 15.918414968240388
 15.918414968240395
 15.918414968240395
 15.918414968240395
 15.918414968240395
 15.918414968240395
 15.918414968240395
 15.918414968240395
 15.918414968240395
 15.918414968240395
 15.918414968240395
 15.918414968240395
 15.918414968240395
 15.918414968240395
 15.918414968240395
 15.918414968240395
 15.918414968240395
 15.918414968240395
 15.918414968240395
 15.918414968240395
 15.918414968240395
 15.918414968240395
 15.918414968240395
 15.918414968240395
 15.918414968240395
 15.918414968240395
 15.918414968240395
 15.918414968240395
 15.918414968240395
 15.918414968240395
 15.918414968240395
 15.918414968240395
 15.918414968240395
 15.918414968240395
 15.918414968240395
 15.918414968240395
 15.918414968240395
 15.918414968240395
 15.918414968240395
 15.918414968240395
 15.918414968240395
 15.918414968240395
 15.918414968240395
 15.918414968240395
 15.918414968240395
 15.918414968240395
 15.918414968240395
 15.918414968240395
 15.918414968240395
 15.918414968240395
 15.918414968240395
 15.918414968240395
 15.918414968240395
 15.918414968240395
 15.918414968240395
 15.918414968240395
 15.918414968240395
 15.918414968240395
 15.918414968240395
 15.918414968240395
 11.712167270373886
 8.743263395263693
 7.020556179218371
 6.433993584634139
 6.839248219992131
 8.097003675856806
 10.080310275588932
 12.668988475753327
 15.73853354071247
 19.118635000731015
 22.65406228362979
 26.273297172280053
 26.273297172280053
 29.97336000032645
 33.61028155358168
 36.95281426979294
 39.96324739761128
 42.679755328604315
 45.19347834221026
 47.44409198857029
 49.24247846581068
 50.45469259479449
 51.02264000776758
 50.833437956545765
 3.017959421293874
 3.0179594212938756
 3.0179594212938756
 3.0179594212938756
 3.0179594212938756
 3.0179594212938756
 3.0179594212938756
 3.0179594212938756
 3.0179594212938756
 3.0179594212938756
 3.0179594212938756
 3.0179594212938756
 3.0179594212938756
 3.0179594212938756
 3.0179594212938756
 3.0179594212938756
 3.0179594212938756
 3.0179594212938756
 3.0179594212938756
 3.0179594212938756
 3.0179594212938756
 3.0179594212938756
 3.0179594212938756
 3.0179594212938756
 3.0179594212938756
 3.0179594212938756
 3.0179594212938756
 3.0179594212938756
 3.0179594212938756
 3.0179594212938756
 3.0179594212938756
 3.0179594212938756
 3.0179594212938756
 3.0179594212938756
 3.0179594212938756
 3.0179594212938756
 3.0179594212938756
 3.0179594212938756
 3.0179594212938756
 3.0179594212938756
 3.0179594212938756
 3.0179594212938756
 3.0179594212938756
 3.0179594212938756
 3.0179594212938756
 3.0179594212938756
 3.0179594212938756
 3.0179594212938756
 3.0179594212938756
 3.0179594212938756
 3.0179594212938756
 3.0179594212938756
 3.0179594212938756
 3.0179594212938756
 3.0179594212938756
 3.0179594212938756
 3.0179594212938756
 3.0179594212938756
 3.0179594212938756
 3.0179594212938756
 3.8138318774333975
 5.2703467890973315
 7.28905976787042
 9.783158790789473
 12.650274872542575
 15.80635278455594
 19.210623302305383
 22.84601507799212
 26.68107244931558
 30.59319708577621
 34.44546617905394
 38.125141496878555
 41.55265758133232
 44.658918513743465
 47.36244224236486
 49.58689398967853
 51.268632647507985
 52.34678665721024
 52.74963818894055
 52.353547801821364
 50.97841982446714
 50.97841982446714
 48.440290068730256
 44.60023759751403
 39.41412616924855
 13.545919463633535
 13.545919463633542
 13.545919463633542
 13.545919463633542
 13.545919463633542
 13.545919463633542
 13.545919463633542
 13.545919463633542
 13.545919463633542
 13.545919463633542
 13.545919463633542
 13.545919463633542
 13.545919463633542
 13.545919463633542
 13.545919463633542
 13.545919463633542
 13.545919463633542
 13.545919463633542
 13.545919463633542
 13.545919463633542
 13.545919463633542
 13.545919463633542
 13.545919463633542
 13.545919463633542
 13.545919463633542
 13.545919463633542
 13.545919463633542
 13.545919463633542
 13.545919463633542
 13.545919463633542
 13.545919463633542
 13.545919463633542
 13.545919463633542
 13.545919463633542
 13.545919463633542
 13.545919463633542
 13.545919463633542
 13.545919463633542
 13.545919463633542
 13.545919463633542
 13.545919463633542
 13.545919463633542
 13.545919463633542
 13.545919463633542
 13.545919463633542
 13.545919463633542
 13.545919463633542
 13.545919463633542
 13.545919463633542
 13.545919463633542
 13.545919463633542
 13.545919463633542
 13.545919463633542
 13.545919463633542
 13.545919463633542
 13.545919463633542
 13.545919463633542
 13.545919463633542
 13.545919463633542
 13.545919463633542
 15.307786372774267
 16.924458260047846
 18.484416661409213
 20.141587883821188
 21.956362627382532
 23.90328122355194
 25.93504831547976
 28.007233044606508
 30.093410644577666
 32.224213302195544
 34.4246325722687
 36.697196214401956
 38.983720608558684
 41.18730998306271
 43.23208433744167
 45.068891979410544
 46.68023090390411
 48.0463810407656
 49.14598281019545
 49.97447225647297
 50.53095742847078
 50.808759113292766
 -7.105927281954973
 -7.105927281954973
 -7.105927281954973
 -7.105927281954973
 -7.105927281954973
 -7.105927281954973
 -7.105927281954973
 -7.105927281954973
 -7.105927281954973
 -7.105927281954973
 -7.105927281954973
 -7.105927281954973
 -7.105927281954973
 -7.105927281954973
 -7.105927281954973
 -7.105927281954973
 -7.105927281954973
 -7.105927281954973
 -7.105927281954973
 -7.105927281954973
 -7.105927281954973
 -7.105927281954973
 -7.105927281954973
 -7.105927281954973
 -7.105927281954973
 -7.105927281954973
 -7.105927281954973
 -7.105927281954973
 -7.105927281954973
 -7.105927281954973
 -7.105927281954973
 -7.105927281954973
 -7.105927281954973
 -7.105927281954973
 -7.105927281954973
 -7.105927281954973
 -7.105927281954973
 -7.105927281954973
 -7.105927281954973
 -7.105927281954973
 -7.105927281954973
 -7.105927281954973
 -7.105927281954973
 -7.105927281954973
 -7.105927281954973
 -7.105927281954973
 -7.105927281954973
 -7.105927281954973
 -7.105927281954973
 -7.105927281954973
 -7.105927281954973
 -7.105927281954973
 -7.105927281954973
 -7.105927281954973
 -7.105927281954973
 -7.105927281954973
 -7.105927281954973
 -7.105927281954973
 -7.105927281954973
 -7.105927281954973
 -7.940121268120784
 -8.234273853028334
 -8.017596872570797
 -7.3112591403654665
 -6.178303598690891
 -4.702193722369071
 -2.9396535963972488
 -2.9396535963972488
 -0.9632262609875433
 1.161527162226327
 3.2842380739899237
 5.318094418010373
 7.397657766556582
 9.756505458859255
 12.491777153932798
 15.59530568422958
 18.873193627808327
 22.18436850128904
 25.438615012140275
 28.643016905632727
 31.746860582763084
 34.68539006577333
 37.42687849150359
 39.99945924980152
 42.41455994297335
 -3.6426832058857364
 -3.6426832058857364
 -3.6426832058857364
 -3.6426832058857364
 -3.6426832058857364
 -3.6426832058857364
 -3.6426832058857364
 -3.6426832058857364
 -3.6426832058857364
 -3.6426832058857364
 -3.6426832058857364
 -3.6426832058857364
 -3.6426832058857364
 -3.6426832058857364
 -3.6426832058857364
 -3.6426832058857364
 -3.6426832058857364
 -3.6426832058857364
 -3.6426832058857364
 -3.6426832058857364
 -3.6426832058857364
 -3.6426832058857364
 -3.6426832058857364
 -3.6426832058857364
 -3.6426832058857364
 -3.6426832058857364
 -3.6426832058857364
 -3.6426832058857364
 -3.6426832058857364
 -3.6426832058857364
 -3.6426832058857364
 -3.6426832058857364
 -3.6426832058857364
 -3.6426832058857364
 -3.6426832058857364
 -3.6426832058857364
 -3.6426832058857364
 -3.6426832058857364
 -3.6426832058857364
 -3.6426832058857364
 -3.6426832058857364
 -3.6426832058857364
 -3.6426832058857364
 -3.6426832058857364
 -3.6426832058857364
 -3.6426832058857364
 -3.6426832058857364
 -3.6426832058857364
 -3.6426832058857364
 -3.6426832058857364
 -3.6426832058857364
 -3.6426832058857364
 -3.6426832058857364
 -3.6426832058857364
 -3.6426832058857364
 -3.6426832058857364
 -3.6426832058857364
 -3.6426832058857364
 -3.6426832058857364
 -3.6426832058857364
 -9.215136011904889
 -13.474393316544836
 -16.485060449499
 -18.35232810068807
 -19.181943148837632
 -19.064017488184263
 -18.07908507236917
 -16.290830042981995
 -13.67935533270125
 -10.241058745126553
 -6.046661345338493
 -1.2032728786401772
 4.134104056828848
 9.75568461744732
 15.539906037810479
 15.539906037810479
 21.44492938231063
 27.325274429581604
 33.02407903954241
 38.2560040414714
 42.911166173352996
 47.01028076870988
 50.533443429525974
 53.33122423276799
 55.22811962030989
 -23.027330166688603
 -23.027330166688603
 -23.027330166688603
 -23.027330166688603
 -23.027330166688603
 -23.027330166688603
 -23.027330166688603
 -23.027330166688603
 -23.027330166688603
 -23.027330166688603
 -23.027330166688603
 -23.027330166688603
 -23.027330166688603
 -23.027330166688603
 -23.027330166688603
 -23.027330166688603
 -23.027330166688603
 -23.027330166688603
 -23.027330166688603
 -23.027330166688603
 -23.027330166688603
 -23.027330166688603
 -23.027330166688603
 -23.027330166688603
 -23.027330166688603
 -23.027330166688603
 -23.027330166688603
 -23.027330166688603
 -23.027330166688603
 -23.027330166688603
 -23.027330166688603
 -23.027330166688603
 -23.027330166688603
 -23.027330166688603
 -23.027330166688603
 -23.027330166688603
 -23.027330166688603
 -23.027330166688603
 -23.027330166688603
 -23.027330166688603
 -23.027330166688603
 -23.027330166688603
 -23.027330166688603
 -23.027330166688603
 -23.027330166688603
 -23.027330166688603
 -23.027330166688603
 -23.027330166688603
 -23.027330166688603
 -23.027330166688603
 -23.027330166688603
 -23.027330166688603
 -23.027330166688603
 -23.027330166688603
 -23.027330166688603
 -23.027330166688603
 -23.027330166688603
 -23.027330166688603
 -23.027330166688603
 -23.027330166688603
 -26.119766661812697
 -27.870464308571616
 -28.474721607012118
 -28.013512329503314
 -26.447017285794423
 -23.64708038999608
 -19.42686003601716
 -13.572839983004274
 -5.9553727996464705
 3.3387406991546857
 13.667381160939062
 23.955911599946653
 33.161074404702816
 40.727269191069645
 46.54712841489563
 50.803263732499815
 53.73015395043344
 55.511314916717296
 56.23911772911621
 55.91652186272715
 54.47174393060941
 54.47174393060941
 51.753060240291745
 -36.7121489109717
 -36.7121489109717
 -36.7121489109717
 -36.7121489109717
 -36.7121489109717
 -36.7121489109717
 -36.7121489109717
 -36.7121489109717
 -36.7121489109717
 -36.7121489109717
 -36.7121489109717
 -36.7121489109717
 -36.7121489109717
 -36.7121489109717
 -36.7121489109717
 -36.7121489109717
 -36.7121489109717
 -36.7121489109717
 -36.7121489109717
 -36.7121489109717
 -36.7121489109717
 -36.7121489109717
 -36.7121489109717
 -36.7121489109717
 -36.7121489109717
 -36.7121489109717
 -36.7121489109717
 -36.7121489109717
 -36.7121489109717
 -36.7121489109717
 -36.7121489109717
 -36.7121489109717
 -36.7121489109717
 -36.7121489109717
 -36.7121489109717
 -36.7121489109717
 -36.7121489109717
 -36.7121489109717
 -36.7121489109717
 -36.7121489109717
 -36.7121489109717
 -36.7121489109717
 -36.7121489109717
 -36.7121489109717
 -36.7121489109717
 -36.7121489109717
 -36.7121489109717
 -36.7121489109717
 -36.7121489109717
 -36.7121489109717
 -36.7121489109717
 -36.7121489109717
 -36.7121489109717
 -36.7121489109717
 -36.7121489109717
 -36.7121489109717
 -36.7121489109717
 -36.7121489109717
 -36.7121489109717
 -36.7121489109717
 -35.7823152268238
 -34.02801003813239
 -31.592934685137582
 -28.56202923770844
 -24.78677674353414
 -19.964082213739577
 -13.793567537954555
 -5.998398027774615
 3.3201860670972625
 13.395647177928772
 23.17003022262007
 31.917165992536297
 39.29248876016977
 45.22358848215988
 49.8188910613792
 53.23250194077464
 55.61728509698151
 57.10802288306642
 57.80932314828815
 57.76388017268127
 56.94145779206987
 55.266310785046656
 52.62528551994452
 48.84616844925861
 -50.726585797699
 -50.72658579769904
 -50.72658579769904
 -50.72658579769904
 -50.72658579769904
 -50.72658579769904
 -50.72658579769904
 -50.72658579769904
 -50.72658579769904
 -50.72658579769904
 -50.72658579769904
 -50.72658579769904
 -50.72658579769904
 -50.72658579769904
 -50.72658579769904
 -50.72658579769904
 -50.72658579769904
 -50.72658579769904
 -50.72658579769904
 -50.72658579769904
 -50.72658579769904
 -50.72658579769904
 -50.72658579769904
 -50.72658579769904
 -50.72658579769904
 -50.72658579769904
 -50.72658579769904
 -50.72658579769904
 -50.72658579769904
 -50.72658579769904
 -50.72658579769904
 -50.72658579769904
 -50.72658579769904
 -50.72658579769904
 -50.72658579769904
 -50.72658579769904
 -50.72658579769904
 -50.72658579769904
 -50.72658579769904
 -50.72658579769904
 -50.72658579769904
 -50.72658579769904
 -50.72658579769904
 -50.72658579769904
 -50.72658579769904
 -50.72658579769904
 -50.72658579769904
 -50.72658579769904
 -50.72658579769904
 -50.72658579769904
 -50.72658579769904
 -50.72658579769904
 -50.72658579769904
 -50.72658579769904
 -50.72658579769904
 -50.72658579769904
 -50.72658579769904
 -50.72658579769904
 -50.72658579769904
 -50.72658579769904
 -49.89311356884881
 -48.441526363869606
 -46.27573377855923
 -43.347592718765874
 -39.60588658090398
 -34.88914380772574
 -29.066113908543027
 -22.167177826238994
 -22.167177826238994
 -14.110015368269949
 -4.915629673698846
 5.111000261967858
 15.317337709612385
 24.77916919423124
 33.14582837723966
 40.461802550034356
 46.725889215681256
 51.83070407591096
 55.80458515384289
 58.86550816855923
 61.17609513023059
 62.79176356231754
 63.720639125675405
 64.01998009434989
 63.734587720346056
 62.86587825927221
 -62.27057866515493
 -62.27057866515493
 -62.27057866515493
 -62.27057866515493
 -62.27057866515493
 -62.27057866515493
 -62.27057866515493
 -62.27057866515493
 -62.27057866515493
 -62.27057866515493
 -62.27057866515493
 -62.27057866515493
 -62.27057866515493
 -62.27057866515493
 -62.27057866515493
 -62.27057866515493
 -62.27057866515493
 -62.27057866515493
 -62.27057866515493
 -62.27057866515493
 -62.27057866515493
 -62.27057866515493
 -62.27057866515493
 -62.27057866515493
 -62.27057866515493
 -62.27057866515493
 -62.27057866515493
 -62.27057866515493
 -62.27057866515493
 -62.27057866515493
 -62.27057866515493
 -62.27057866515493
 -62.27057866515493
 -62.27057866515493
 -62.27057866515493
 -62.27057866515493
 -62.27057866515493
 -62.27057866515493
 -62.27057866515493
 -62.27057866515493
 -62.27057866515493
 -62.27057866515493
 -62.27057866515493
 -62.27057866515493
 -62.27057866515493
 -62.27057866515493
 -62.27057866515493
 -62.27057866515493
 -62.27057866515493
 -62.27057866515493
 -62.27057866515493
 -62.27057866515493
 -62.27057866515493
 -62.27057866515493
 -62.27057866515493
 -62.27057866515493
 -62.27057866515493
 -62.27057866515493
 -62.27057866515493
 -62.27057866515493
 -64.8380218371965
 -66.8093161086265
 -68.24960058632759
 -69.17915047096724
 -69.58606931370053
 -69.43748699314787
 -68.65761549510783
 -67.13863011594916
 -64.63893950916444
 -64.63893950916444
 -60.77078197029407
 -54.95804732547822
 -46.30606020873712
 -33.6638839066577
 -16.52442586530054
 3.1366384885940573
 20.905368906384847
 34.31444047680601
 43.53980839097499
 49.913779093790914
 54.39205547479624
 57.60691854290172
 59.88234693195609
 61.38676364160426
 62.267745594303165
 -66.26582442145686
 -66.26582442145686
 -66.26582442145686
 -66.26582442145686
 -66.26582442145686
 -66.26582442145686
 -66.26582442145686
 -66.26582442145686
 -66.26582442145686
 -66.26582442145686
 -66.26582442145686
 -66.26582442145686
 -66.26582442145686
 -66.26582442145686
 -66.26582442145686
 -66.26582442145686
 -66.26582442145686
 -66.26582442145686
 -66.26582442145686
 -66.26582442145686
 -66.26582442145686
 -66.26582442145686
 -66.26582442145686
 -66.26582442145686
 -66.26582442145686
 -66.26582442145686
 -66.26582442145686
 -66.26582442145686
 -66.26582442145686
 -66.26582442145686
 -66.26582442145686
 -66.26582442145686
 -66.26582442145686
 -66.26582442145686
 -66.26582442145686
 -66.26582442145686
 -66.26582442145686
 -66.26582442145686
 -66.26582442145686
 -66.26582442145686
 -66.26582442145686
 -66.26582442145686
 -66.26582442145686
 -66.26582442145686
 -66.26582442145686
 -66.26582442145686
 -66.26582442145686
 -66.26582442145686
 -66.26582442145686
 -66.26582442145686
 -66.26582442145686
 -66.26582442145686
 -66.26582442145686
 -66.26582442145686
 -66.26582442145686
 -66.26582442145686
 -66.26582442145686
 -66.26582442145686
 -66.26582442145686
 -66.26582442145686
 -71.90287530521424
 -75.58541451563457
 -78.00102260796864
 -79.51728664230666
 -80.31458573275926
 -80.43552726032091
 -79.80083348622848
 -78.13915191414823
 -74.83652204194703
 -68.51068138377929
 -55.704277854297295
 -28.650289636958917
 10.749180351276463
 37.20660857833014
 49.90672507198359
 56.379157735940126
 56.379157735940126
 59.995696028676534
 62.063320957918805
 63.16783124033542
 63.62493861458846
 63.55089444910928
 62.91789861141888
 -80.28601591847334
 -80.28601591847334
 -80.28601591847334
 -80.28601591847334
 -80.28601591847334
 -80.28601591847334
 -80.28601591847334
 -80.28601591847334
 -80.28601591847334
 -80.28601591847334
 -80.28601591847334
 -80.28601591847334
 -80.28601591847334
 -80.28601591847334
 -80.28601591847334
 -80.28601591847334
 -80.28601591847334
 -80.28601591847334
 -80.28601591847334
 -80.28601591847334
 -80.28601591847334
 -80.28601591847334
 -80.28601591847334
 -80.28601591847334
 -80.28601591847334
 -80.28601591847334
 -80.28601591847334
 -80.28601591847334
 -80.28601591847334
 -80.28601591847334
 -80.28601591847334
 -80.28601591847334
 -80.28601591847334
 -80.28601591847334
 -80.28601591847334
 -80.28601591847334
 -80.28601591847334
 -80.28601591847334
 -80.28601591847334
 -80.28601591847334
 -80.28601591847334
 -80.28601591847334
 -80.28601591847334
 -80.28601591847334
 -80.28601591847334
 -80.28601591847334
 -80.28601591847334
 -80.28601591847334
 -80.28601591847334
 -80.28601591847334
 -80.28601591847334
 -80.28601591847334
 -80.28601591847334
 -80.28601591847334
 -80.28601591847334
 -80.28601591847334
 -80.28601591847334
 -80.28601591847334
 -80.28601591847334
 -80.28601591847334
 -81.49998585723141
 -81.81655563338734
 -81.33977055679864
 -80.00330517882803
 -77.62513449431025
 -73.8139321204926
 -67.52987660636427
 -55.98660555037488
 -32.652734004082966
 4.906837842666246
 34.36362701282642
 49.45170112434344
 57.214338239894715
 61.47049061528375
 63.78885066248337
 64.89851049788518
 65.14532196585088
 64.669946793664
 63.5163723642368
 61.59340642616236
 58.62639284216645
 54.01535166594883
 46.53680864567527
 46.53680864567527
 33.684647317646196
 -85.39989475813464
 -85.39989475813464
 -85.39989475813464
 -85.39989475813464
 -85.39989475813464
 -85.39989475813464
 -85.39989475813464
 -85.39989475813464
 -85.39989475813464
 -85.39989475813464
 -85.39989475813464
 -85.39989475813464
 -85.39989475813464
 -85.39989475813464
 -85.39989475813464
 -85.39989475813464
 -85.39989475813464
 -85.39989475813464
 -85.39989475813464
 -85.39989475813464
 -85.39989475813464
 -85.39989475813464
 -85.39989475813464
 -85.39989475813464
 -85.39989475813464
 -85.39989475813464
 -85.39989475813464
 -85.39989475813464
 -85.39989475813464
 -85.39989475813464
 -85.39989475813464
 -85.39989475813464
 -85.39989475813464
 -85.39989475813464
 -85.39989475813464
 -85.39989475813464
 -85.39989475813464
 -85.39989475813464
 -85.39989475813464
 -85.39989475813464
 -85.39989475813464
 -85.39989475813464
 -85.39989475813464
 -85.39989475813464
 -85.39989475813464
 -85.39989475813464
 -85.39989475813464
 -85.39989475813464
 -85.39989475813464
 -85.39989475813464
 -85.39989475813464
 -85.39989475813464
 -85.39989475813464
 -85.39989475813464
 -85.39989475813464
 -85.39989475813464
 -85.39989475813464
 -85.39989475813464
 -85.39989475813464
 -85.39989475813464
